144 22 166 89 121
220 210 165 89 242
70 44 165 89 150 
140 152 165 89 232
26 34 165 89 196
247 88 166 89 80
90 240 132 89 119
77 61 166 89 143
100 47 133 89 151
35 137 165 89 86
67 185 165 89 6
212 47 165 89 7
21 101 165 89 140
211 251 165 89 212
145 73 165 89 36
208 50 165 89 30
136 231 165 89 147
198 50 165 89 8
215 249 165 89 210
140 253 165 89 141
255 70 165 89 69
160 228 165 89 184
142 22 133 89 68
194 63 133 89 33
40 65 133 89 181
193 106 165 89 87
153 245 165 89 144
104 37 132 89 144
208 185 132 89 180
86 37 133 89 175
252 110 165 89 110
48 42 166 89 229
160 58 165 89 102
139 43 166 89 95
51 189 165 89 114
142 22 133 89 68
163 106 165 89 53
95 216 165 89 123
179 103 165 89 40
179 103 165 89 40
183 111 165 89 36
63 237 132 89 15
249 80 166 89 86
113 241 165 89 124
226 78 165 89 80
245 205 165 89 196
67 132 165 89 59
56 41 166 89 238
250 106 132 89 77
26 228 165 89 2
11 9 166 89 253
182 241 165 89 187
27 7 133 89 192
19 65 166 89 173
206 241 165 89 195
203 157 165 89 170
178 66 166 89 15
219 39 166 89 3
243 48 165 89 63
234 125 165 89 107
239 218 165 89 201
33 227 165 89 62
197 192 165 89 249
228 229 165 89 253
19 209 165 89 62
248 138 165 89 142
14 62 165 89 204
68 69 166 89 254
69 207 165 89 118
239 35 166 89 51
192 55 166 89 8
98 97 165 89 255
252 197 165 89 197
45 120 165 89 169
202 146 165 89 164
83 57 132 89 183
234 118 165 89 96
236 72 165 89 88
166 86 166 89 15
100 252 165 89 100
116 31 166 89 148
203 18 132 89 4
128 234 165 89 150
123 99 165 89 228
128 68 166 89 59
82 252 165 89 82

